"File Name","Leaf #"
"Matt.S_CG 0662.JPG","1.0"
"Matt.S_CG 0663.JPG","1.0"
"Matt.S_CG 0665.JPG","1.0"
"Matt.S_CG 0666.JPG","1.0"
"Matt.S_CG 0667.JPG","2.0"
"Matt.S_CG 0669.JPG","2.0"
"Matt.S_CG 0670.JPG","2.0"
"Matt.S_CG 0671.JPG","2.0"
"Matt.S_CG 0672.JPG","3.0"
"Matt.S_CG 0673.JPG","3.0"
"Matt.S_CG 0676.JPG","3.0"
"Matt.S_CG 0678.JPG","3.0"
"Matt.S_CG 0680.JPG","4.0"
"Matt.S_CG 0682.JPG","4.0"
"Matt.S_CG 0685.JPG","4.0"
"Matt.S_CG 0688.JPG","4.0"
"Matt.S_CG 0690.JPG","5.0"
"Matt.S_CG 0694.JPG","5.0"
"Matt.S_CG 0696.JPG","5.0"
"Matt.S_CG 0698.JPG","5.0"
"Matt.S_CG 0700.JPG","6.0"
"Matt.S_CG 0702.JPG","6.0"
"Matt.S_CG 0709.JPG","6.0"
"Matt.S_CG 0710.JPG","6.0"
"Matt.S_CG 0714.JPG","7.0"
"Matt.S_CG 0715.JPG","7.0"
"Matt.S_CG 0717.JPG","7.0"
"Matt.S_CG 0719.JPG","7.0"
"Matt.S_CG 0723.JPG","8.0"
"Matt.S_CG 0728.JPG","8.0"
"Matt.S_CG 0730.JPG","8.0"
"Matt.S_CG 0732.JPG","8.0"
"Matt.S_CG 0736.JPG","9.0"
"Matt.S_CG 0738.JPG","9.0"
"Matt.S_CG 0740.JPG","9.0"
"Matt.S_CG 0741.JPG","9.0"
"Matt.S_CG 0744.JPG","10.0"
"Matt.S_CG 0748.JPG","10.0"
"Matt.S_CG 0751.JPG","10.0"
"Matt.S_CG 0752.JPG","10.0"
"Matt.S_CG 0756.JPG","11.0"
"Matt.S_CG 0757.JPG","11.0"
"Matt.S_CG 0759.JPG","11.0"
"Matt.S_CG 0760.JPG","11.0"
"Matt.S_CG 0764.JPG","12.0"
"Matt.S_CG 0766.JPG","12.0"
"Matt.S_CG 0769.JPG","12.0"
"Matt.S_CG 0773.JPG","12.0"
"Matt.S_CG 0778.JPG","13.0"
"Matt.S_CG 0779.JPG","13.0"
"Matt.S_CG 0782.JPG","13.0"
"Matt.S_CG 0784.JPG","13.0"
"Matt.S_CG 0788.JPG","14.0"
"Matt.S_CG 0789.JPG","14.0"
"Matt.S_CG 0791.JPG","14.0"
"Matt.S_CG 0794.JPG","14.0"
"Matt.S_CG 0795.JPG","15.0"
"Matt.S_CG 0797.JPG","15.0"
"Matt.S_CG 0799.JPG","15.0"
"Matt.S_CG 0804.JPG","15.0"
"Matt.S_CG 0805.JPG","16.0"
"Matt.S_CG 0808.JPG","16.0"
"Matt.S_CG 0812.JPG","16.0"
"Matt.S_CG 0824.JPG","16.0"
"Matt.S_CG 0825.JPG","17.0"
"Matt.S_CG 0828.JPG","17.0"
"Matt.S_CG 0830.JPG","17.0"
"Matt.S_CG 0832.JPG","17.0"
"Matt.S_CG 0837.JPG","18.0"
"Matt.S_CG 0838.JPG","18.0"
"Matt.S_CG 0839.JPG","18.0"
"Matt.S_CG 0844.JPG","18.0"
"Matt.S_CG 0854.JPG","19.0"
"Matt.S_CG 0858.JPG","19.0"
"Matt.S_CG 0860.JPG","19.0"
"Matt.S_CG 0862.JPG","19.0"
"Matt.S_CG 0863.JPG","20.0"
"Matt.S_CG 0868.JPG","20.0"
"Matt.S_CG 0871.JPG","20.0"
"Matt.S_CG 0872.JPG","20.0"
"Matt.S_CG 0873.JPG","21.0"
"Matt.S_CG 0880.JPG","21.0"
"Matt.S_CG 0881.JPG","21.0"
"Matt.S_CG 0884.JPG","21.0"
"Matt.S_CG 0898.JPG","22.0"
"Matt.S_CG 0904.JPG","22.0"
"Matt.S_CG 0906.JPG","22.0"
"Matt.S_CG 0911.JPG","22.0"
"Matt.S_CG 0915.JPG","23.0"
"Matt.S_CG 0920.JPG","23.0"
"Matt.S_CG 0923.JPG","23.0"
"Matt.S_CG 0926.JPG","23.0"
"Matt.S_CG 0927.JPG","24.0"
"Matt.S_CG 0929.JPG","24.0"
"Matt.S_CG 0932.JPG","24.0"
"Matt.S_CG 0934.JPG","24.0"
"Matt.S_CG 0951.JPG","25.0"
"Matt.S_CG 0953.JPG","25.0"
"Matt.S_CG 0955.JPG","25.0"
"Matt.S_CG 0961.JPG","25.0"
"Matt.S_CG 0966.JPG","26.0"
"Matt.S_CG 0969.JPG","26.0"
"Matt.S_CG 0972.JPG","26.0"
"Matt.S_CG 0975.JPG","26.0"
"Matt.S_CG 0978.JPG","27.0"
"Matt.S_CG 0980.JPG","27.0"
"Matt.S_CG 0982.JPG","27.0"
"Matt.S_CG 0989.JPG","27.0"
"Matt.S_CG 1003.JPG","28.0"
"Matt.S_CG 1006.JPG","28.0"
"Matt.S_CG 1010.JPG","28.0"
"Matt.S_CG 1012.JPG","28.0"
"Matt.S_CG 1015.JPG","29.0"
"Matt.S_CG 1017.JPG","29.0"
"Matt.S_CG 1019.JPG","29.0"
"Matt.S_CG 1027.JPG","29.0"
"Matt.S_CG 1030.JPG","30.0"
"Matt.S_CG 1032.JPG","30.0"
"Matt.S_CG 1035.JPG","30.0"
"Matt.S_CG 1041.JPG","30.0"
"Matt.S_CG 1047.JPG","31.0"
"Matt.S_CG 1049.JPG","31.0"
"Matt.S_CG 1051.JPG","31.0"
"Matt.S_CG 1057.JPG","31.0"
"Matt.S_CG 1063.JPG","32.0"
"Matt.S_CG 1065.JPG","32.0"
"Matt.S_CG 1072.JPG","32.0"
"Matt.S_CG 1073.JPG","32.0"
"Matt.S_CG 1076.JPG","33.0"
"Matt.S_CG 1080.JPG","33.0"
"Matt.S_CG 1083.JPG","33.0"
"Matt.S_CG 1091.JPG","33.0"
"Matt.S_CG 1095.JPG","34.0"
"Matt.S_CG 1100.JPG","34.0"
"Matt.S_CG 1102.JPG","34.0"
"Matt.S_CG 1107.JPG","34.0"
"Matt.S_CG 1139.JPG","35.0"
"Matt.S_CG 1141.JPG","35.0"
"Matt.S_CG 1143.JPG","35.0"
"Matt.S_CG 1148.JPG","35.0"
"Matt.S_CG 1213.JPG","36.0"
"Matt.S_CG 1215.JPG","36.0"
"Matt.S_CG 1217.JPG","36.0"
"Matt.S_CG 1219.JPG","36.0"
"Matt.S_CG 1223.JPG","37.0"
"Matt.S_CG 1226.JPG","37.0"
"Matt.S_CG 1228.JPG","37.0"
"Matt.S_CG 1229.JPG","37.0"
"Matt.S_CG 1232.JPG","38.0"
"Matt.S_CG 1234.JPG","38.0"
"Matt.S_CG 1238.JPG","38.0"
"Matt.S_CG 1240.JPG","38.0"
"Matt.S_CG 1242.JPG","39.0"
"Matt.S_CG 1244.JPG","39.0"
"Matt.S_CG 1249.JPG","39.0"
"Matt.S_CG 1250.JPG","39.0"
"Matt.S_CG 1255.JPG","40.0"
"Matt.S_CG 1256.JPG","40.0"
"Matt.S_CG 1258.JPG","40.0"
"Matt.S_CG 1262.JPG","40.0"
"Matt.S_CG 1263.JPG","41.0"
"Matt.S_CG 1266.JPG","41.0"
"Matt.S_CG 1270.JPG","41.0"
"Matt.S_CG 1271.JPG","41.0"
"Matt.S_CG 1274.JPG","42.0"
"Matt.S_CG 1277.JPG","42.0"
"Matt.S_CG 1282.JPG","42.0"
"Matt.S_CG 1283.JPG","42.0"
"Matt.S_CG 1284.JPG","43.0"
"Matt.S_CG 1285.JPG","43.0"
"Matt.S_CG 1286.JPG","43.0"
"Matt.S_CG 1290.JPG","43.0"
"Matt.S_CG 1304.JPG","44.0"
"Matt.S_CG 1305.JPG","44.0"
"Matt.S_CG 1307.JPG","44.0"
"Matt.S_CG 1309.JPG","44.0"
"Matt.S_CG 1313.JPG","45.0"
"Matt.S_CG 1315.JPG","45.0"
"Matt.S_CG 1317.JPG","45.0"
"Matt.S_CG 1319.JPG","45.0"
"Matt.S_CG 1350.JPG","46.0"
"Matt.S_CG 1352.JPG","46.0"
"Matt.S_CG 1355.JPG","46.0"
"Matt.S_CG 1359.JPG","46.0"
"Matt.S_CG 1362.JPG","47.0"
"Matt.S_CG 1363.JPG","47.0"
"Matt.S_CG 1365.JPG","47.0"
"Matt.S_CG 1369.JPG","47.0"
"Matt.S_CG 1370.JPG","48.0"
"Matt.S_CG 1372.JPG","48.0"
"Matt.S_CG 1373.JPG","48.0"
"Matt.S_CG 1374.JPG","48.0"
"Matt.S_CG 1382.JPG","49.0"
"Matt.S_CG 1384.JPG","49.0"
"Matt.S_CG 1393.JPG","49.0"
"Matt.S_CG 1394.JPG","49.0"
"Matt.S_CG 1399.JPG","50.0"
"Matt.S_CG 1401.JPG","50.0"
"Matt.S_CG 1405.JPG","50.0"
"Matt.S_CG 1406.JPG","50.0"
"Matt.S_CG 1408.JPG","51.0"
"Matt.S_CG 1409.JPG","51.0"
"Matt.S_CG 1415.JPG","51.0"
"Matt.S_CG 1419.JPG","51.0"
"Matt.S_CG 1422.JPG","52.0"
"Matt.S_CG 1425.JPG","52.0"
"Matt.S_CG 1429.JPG","52.0"
"Matt.S_CG 1430.JPG","52.0"
"Matt.S_CG 1432.JPG","53.0"
"Matt.S_CG 1437.JPG","53.0"
"Matt.S_CG 1438.JPG","53.0"
"Matt.S_CG 1440.JPG","53.0"
"Matt.S_CG 1442.JPG","54.0"
"Matt.S_CG 1446.JPG","54.0"
"Matt.S_CG 1451.JPG","54.0"
"Matt.S_CG 1453.JPG","54.0"
"Matt.S_CG 1455.JPG","55.0"
"Matt.S_CG 1460.JPG","55.0"
"Matt.S_CG 1462.JPG","55.0"
"Matt.S_CG 1465.JPG","55.0"
"Matt.S_CG 1489.JPG","56.0"
"Matt.S_CG 1492.JPG","56.0"
"Matt.S_CG 1493.JPG","56.0"
"Matt.S_CG 1498.JPG","56.0"
"Matt.S_CG 1500.JPG","57.0"
"Matt.S_CG 1503.JPG","57.0"
"Matt.S_CG 1504.JPG","57.0"
"Matt.S_CG 1510.JPG","57.0"
"Matt.S_CG 1512.JPG","58.0"
"Matt.S_CG 1514.JPG","58.0"
"Matt.S_CG 1522.JPG","58.0"
"Matt.S_CG 1523.JPG","58.0"
"Matt.S_CG 1525.JPG","59.0"
"Matt.S_CG 1529.JPG","59.0"
"Matt.S_CG 1531.JPG","59.0"
"Matt.S_CG 1536.JPG","59.0"
"Matt.S_CG 1537.JPG","60.0"
"Matt.S_CG 1542.JPG","60.0"
"Matt.S_CG 1546.JPG","60.0"
"Matt.S_CG 1547.JPG","60.0"
"Matt.S_CG 1556.JPG","61.0"
"Matt.S_CG 1559.JPG","61.0"
"Matt.S_CG 1564.JPG","61.0"
"Matt.S_CG 1567.JPG","61.0"
"Matt.S_CG 1572.JPG","62.0"
"Matt.S_CG 1575.JPG","62.0"
"Matt.S_CG 1578.JPG","62.0"
"Matt.S_CG 1581.JPG","62.0"
"Matt.S_CG 1584.JPG","63.0"
"Matt.S_CG 1586.JPG","63.0"
"Matt.S_CG 1588.JPG","63.0"
"Matt.S_CG 1590.JPG","63.0"
"Matt.S_CG 1596.JPG","64.0"
"Matt.S_CG 1598.JPG","64.0"
"Matt.S_CG 1602.JPG","64.0"
"Matt.S_CG 1605.JPG","64.0"
"Matt.S_CG 1607.JPG","65.0"
"Matt.S_CG 1613.JPG","65.0"
"Matt.S_CG 1616.JPG","65.0"
"Matt.S_CG 1617.JPG","65.0"
"Matt.S_CG 1619.JPG","66.0"
"Matt.S_CG 1624.JPG","66.0"
"Matt.S_CG 1637.JPG","66.0"
"Matt.S_CG 1639.JPG","66.0"
"Matt.S_CG 1642.JPG","67.0"
"Matt.S_CG 1651.JPG","67.0"
"Matt.S_CG 1653.JPG","67.0"
"Matt.S_CG 1655.JPG","67.0"
"Matt.S_CG 1657.JPG","68.0"
"Matt.S_CG 1661.JPG","68.0"
"Matt.S_CG 1669.JPG","68.0"
"Matt.S_CG 1671.JPG","68.0"
"Matt.S_CG 1674.JPG","69.0"
"Matt.S_CG 1677.JPG","69.0"
"Matt.S_CG 1688.JPG","69.0"
"Matt.S_CG 1690.JPG","69.0"
"Matt.S_CG 1692.JPG","70.0"
"Matt.S_CG 1698.JPG","70.0"
"Matt.S_CG 1701.JPG","70.0"
"Matt.S_CG 1703.JPG","70.0"
"Matt.S_CG 1706.JPG","71.0"
"Matt.S_CG 1708.JPG","71.0"
"Matt.S_CG 1727.JPG","71.0"
"Matt.S_CG 1728.JPG","71.0"
"Matt.S_CG 1730.JPG","72.0"
"Matt.S_CG 1733.JPG","72.0"
"Matt.S_CG 2424.JPG","72.0"
"Matt.S_CG 2426.JPG","72.0"
"Matt.S_CG 2428.JPG","73.0"
"Matt.S_CG 2434.JPG","73.0"
"Matt.S_CG 2437.JPG","73.0"
"Matt.S_CG 2438.JPG","73.0"
"Matt.S_CG 2440.JPG","74.0"
"Matt.S_CG 2443.JPG","74.0"
"Matt.S_CG 2452.JPG","74.0"
"Matt.S_CG 2454.JPG","74.0"
"Matt.S_CG 2456.JPG","75.0"
"Matt.S_CG 2457.JPG","75.0"
"Matt.S_CG 2464.JPG","75.0"
"Matt.S_CG 2467.JPG","75.0"
"Matt.S_CG 2470.JPG","76.0"
"Matt.S_CG 2473.JPG","76.0"
"Matt.S_CG 2477.JPG","76.0"
"Matt.S_CG 2479.JPG","76.0"
"Matt.S_CG 2484.JPG","77.0"
"Matt.S_CG 2488.JPG","77.0"
"Matt.S_CG 2491.JPG","77.0"
"Matt.S_CG 2493.JPG","77.0"
"Matt.S_CG 2495.JPG","78.0"
"Matt.S_CG 2502.JPG","78.0"
"Matt.S_CG 2503.JPG","78.0"
"Matt.S_CG 2505.JPG","78.0"
"Matt.S_CG 2507.JPG","79.0"
"Matt.S_CG 2509.JPG","79.0"
"Matt.S_CG 2516.JPG","79.0"
"Matt.S_CG 2517.JPG","79.0"
"Matt.S_CG 2519.JPG","80.0"
"Matt.S_CG 2522.JPG","80.0"
"Matt.S_CG 2527.JPG","80.0"
"Matt.S_CG 2529.JPG","80.0"
"Matt.S_CG 2534.JPG","81.0"
"Matt.S_CG 2536.JPG","81.0"
"Matt.S_CG 2540.JPG","81.0"
"Matt.S_CG 2542.JPG","81.0"
"Matt.S_CG 2543.JPG","82.0"
"Matt.S_CG 2548.JPG","82.0"
"Matt.S_CG 2554.JPG","82.0"
"Matt.S_CG 2555.JPG","82.0"
"Matt.S_CG 2558.JPG","83.0"
"Matt.S_CG 2562.JPG","83.0"
"Matt.S_CG 2568.JPG","83.0"
"Matt.S_CG 2569.JPG","83.0"
"Matt.S_CG 2574.JPG","84.0"
"Matt.S_CG 2578.JPG","84.0"
"Matt.S_CG 2580.JPG","84.0"
"Matt.S_CG 2583.JPG","84.0"
"Matt.S_CG 2585.JPG","85.0"
"Matt.S_CG 2588.JPG","85.0"
"Matt.S_CG 2591.JPG","85.0"
"Matt.S_CG 2594.JPG","85.0"
"Matt.S_CG 2598.JPG","86.0"
"Matt.S_CG 2601.JPG","86.0"
"Matt.S_CG 2604.JPG","86.0"
"Matt.S_CG 2606.JPG","86.0"
"Matt.S_CG 2607.JPG","87.0"
"Matt.S_CG 2610.JPG","87.0"
"Matt.S_CG 2616.JPG","87.0"
"Matt.S_CG 2619.JPG","87.0"
"Matt.S_CG 2620.JPG","88.0"
"Matt.S_CG 2622.JPG","88.0"
"Matt.S_CG 2629.JPG","88.0"
"Matt.S_CG 2632.JPG","88.0"
"Matt.S_CG 2635.JPG","89.0"
"Matt.S_CG 2638.JPG","89.0"
"Matt.S_CG 2643.JPG","89.0"
"Matt.S_CG 2644.JPG","89.0"
"Matt.S_CG 2645.JPG","90.0"
"Matt.S_CG 2652.JPG","90.0"
"Matt.S_CG 2656.JPG","90.0"
"Matt.S_CG 2657.JPG","90.0"
"Matt.S_CG 2659.JPG","91.0"
"Matt.S_CG 2665.JPG","91.0"
"Matt.S_CG 2679.JPG","91.0"
"Matt.S_CG 2682.JPG","91.0"
"Matt.S_CG 2685.JPG","92.0"
"Matt.S_CG 2687.JPG","92.0"
"Matt.S_CG 2691.JPG","92.0"
"Matt.S_CG 2694.JPG","92.0"
"Matt.S_CG 2697.JPG","93.0"
"Matt.S_CG 2700.JPG","93.0"
"Matt.S_CG 2705.JPG","93.0"
"Matt.S_CG 2710.JPG","93.0"
"Matt.S_CG 2711.JPG","94.0"
"Matt.S_CG 2715.JPG","94.0"
"Matt.S_CG 2717.JPG","94.0"
"Matt.S_CG 2718.JPG","94.0"
"Matt.S_CG 2720.JPG","95.0"
"Matt.S_CG 2724.JPG","95.0"
"Matt.S_CG 2733.JPG","95.0"
"Matt.S_CG 2736.JPG","95.0"
"Matt.S_CG 2737.JPG","96.0"
"Matt.S_CG 2739.JPG","96.0"
"Matt.S_CG 2743.JPG","96.0"
"Matt.S_CG 2745.JPG","96.0"
"Matt.S_CG 2749.JPG","97.0"
"Matt.S_CG 2752.JPG","97.0"
"Matt.S_CG 2756.JPG","97.0"
"Matt.S_CG 2758.JPG","97.0"
"Matt.S_CG 2762.JPG","98.0"
"Matt.S_CG 2768.JPG","98.0"
"Matt.S_CG 2770.JPG","98.0"
"Matt.S_CG 2774.JPG","98.0"
"Matt.S_CG 2779.JPG","99.0"
"Matt.S_CG 2780.JPG","99.0"
"Matt.S_CG 2781.JPG","99.0"
"Matt.S_CG 2783.JPG","99.0"
"Matt.S_CG 2786.JPG","100.0"
"Matt.S_CG 2787.JPG","100.0"
"Matt.S_CG 2790.JPG","100.0"
"Matt.S_CG 2792.JPG","100.0"
"Matt.S_CG 2793.JPG","101.0"
"Matt.S_CG 2795.JPG","101.0"
"Matt.S_CG 2799.JPG","101.0"
"Matt.S_CG 2800.JPG","101.0"
"Matt.S_CG 2803.JPG","102.0"
"Matt.S_CG 2808.JPG","102.0"
"Matt.S_CG 2860.JPG","102.0"
"Matt.S_CG 2863.JPG","102.0"
"Matt.S_CG 2866.JPG","103.0"
"Matt.S_CG 2870.JPG","103.0"
"Matt.S_CG 2872.JPG","103.0"
"Matt.S_CG 2875.JPG","103.0"
"Matt.S_CG 2880.JPG","104.0"
"Matt.S_CG 2882.JPG","104.0"
"Matt.S_CG 5981.JPG","104.0"
"Matt.S_CG 5982.JPG","104.0"
"Matt.S_CG 5984.JPG","105.0"
"Matt.S_CG 5988.JPG","105.0"
"Matt.S_CG 5989.JPG","105.0"
"Matt.S_CG 5991.JPG","105.0"
"Matt.S_CG 5996.JPG","106.0"
"Matt.S_CG 6002.JPG","106.0"
"Matt.S_CG 6003.JPG","106.0"
"Matt.S_CG 6007.JPG","106.0"
"Matt.S_CG 6008.JPG","107.0"
"Matt.S_CG 6009.JPG","107.0"
"Matt.S_CG 6012.JPG","107.0"
"Matt.S_CG 6016.JPG","107.0"
"Matt.S_CG 6019.JPG","108.0"
"Matt.S_CG 6020.JPG","108.0"
"Matt.S_CG 6024.JPG","108.0"
"Matt.S_CG 6025.JPG","108.0"
"Matt.S_CG 6039.JPG","109.0"
"Matt.S_CG 6045.JPG","109.0"
"Matt.S_CG 6046.JPG","109.0"
"Matt.S_CG 6048.JPG","109.0"
"Matt.S_CG 6049.JPG","110.0"
"Matt.S_CG 6051.JPG","110.0"
"Matt.S_CG 6056.JPG","110.0"
"Matt.S_CG 6057.JPG","110.0"
"Matt.S_CG 6059.JPG","111.0"
"Matt.S_CG 6062.JPG","111.0"
"Matt.S_CG 6064.JPG","111.0"
"Matt.S_CG 6067.JPG","111.0"
"Matt.S_CG 6071.JPG","112.0"
"Matt.S_CG 6073.JPG","112.0"
"Matt.S_CG 6074.JPG","112.0"
"Matt.S_CG 6079.JPG","112.0"
"Matt.S_CG 6083.JPG","113.0"
"Matt.S_CG 6085.JPG","113.0"
"Matt.S_CG 6089.JPG","113.0"
"Matt.S_CG 6090.JPG","113.0"
"Matt.S_CG 6092.JPG","114.0"
"Matt.S_CG 6094.JPG","114.0"
"Matt.S_CG 6096.JPG","114.0"
"Matt.S_CG 6098.JPG","114.0"
"Matt.S_CG 6113.JPG","115.0"
"Matt.S_CG 6116.JPG","115.0"
"Matt.S_CG 6117.JPG","115.0"
"Matt.S_CG 6120.JPG","115.0"
"Matt.S_CG 6133.JPG","116.0"
"Matt.S_CG 6135.JPG","116.0"
"Matt.S_CG 6137.JPG","116.0"
"Matt.S_CG 6139.JPG","116.0"
"Matt.S_CG 6153.JPG","117.0"
"Matt.S_CG 6155.JPG","117.0"
"Matt.S_CG 6156.JPG","117.0"
"Matt.S_CG 6159.JPG","117.0"
"Matt.S_CG 6163.JPG","118.0"
"Matt.S_CG 6164.JPG","118.0"
"Matt.S_CG 6166.JPG","118.0"
"Matt.S_CG 6172.JPG","118.0"
"Matt.S_CG 6180.JPG","119.0"
"Matt.S_CG 6181.JPG","119.0"
"Matt.S_CG 6184.JPG","119.0"
"Matt.S_CG 6186.JPG","119.0"
"Matt.S_CG 6191.JPG","120.0"
"Matt.S_CG 6192.JPG","120.0"
"Matt.S_CG 6194.JPG","120.0"
"Matt.S_CG 6195.JPG","120.0"
"Matt.S_CG 6198.JPG","121.0"
"Matt.S_CG 6200.JPG","121.0"
"Matt.S_CG 6202.JPG","121.0"
"Matt.S_CG 6208.JPG","121.0"
"Matt.S_CG 6210.JPG","122.0"
"Matt.S_CG 6211.JPG","122.0"
"Matt.S_CG 6216.JPG","122.0"
"Matt.S_CG 6217.JPG","122.0"
"Matt.S_CG 6218.JPG","123.0"
"Matt.S_CG 6223.JPG","123.0"
"Matt.S_CG 6227.JPG","123.0"
"Matt.S_CG 6230.JPG","123.0"
"Matt.S_CG 6233.JPG","124.0"
"Matt.S_CG 6236.JPG","124.0"
"Matt.S_CG 6237.JPG","124.0"
"Matt.S_CG 6241.JPG","124.0"
"Matt.S_CG 6242.JPG","125.0"
"Matt.S_CG 6244.JPG","125.0"
"Matt.S_CG 6245.JPG","125.0"
"Matt.S_CG 6250.JPG","125.0"
"Matt.S_CG 6272.JPG","126.0"
"Matt.S_CG 6278.JPG","126.0"
"Matt.S_CG 6280.JPG","126.0"
"Matt.S_CG 6283.JPG","126.0"
"Matt.S_CG 6287.JPG","127.0"
"Matt.S_CG 6290.JPG","127.0"
"Matt.S_CG 6294.JPG","127.0"
"Matt.S_CG 6295.JPG","127.0"
"Matt.S_CG 6300.JPG","128.0"
"Matt.S_CG 6303.JPG","128.0"
"Matt.S_CG 6306.JPG","128.0"
"Matt.S_CG 6307.JPG","128.0"
"Matt.S_CG 6320.JPG","129.0"
"Matt.S_CG 6322.JPG","129.0"
"Matt.S_CG 6327.JPG","129.0"
"Matt.S_CG 6333.JPG","129.0"
"Matt.S_CG 6334.JPG","130.0"
"Matt.S_CG 6335.JPG","130.0"
"Matt.S_CG 6342.JPG","130.0"
"Matt.S_CG 6345.JPG","130.0"
"Matt.S_CG 6346.JPG","131.0"
"Matt.S_CG 6350.JPG","131.0"
"Matt.S_CG 6352.JPG","131.0"
"Matt.S_CG 6354.JPG","131.0"
"Matt.S_CG 6358.JPG","132.0"
"Matt.S_CG 6360.JPG","132.0"
"Matt.S_CG 6363.JPG","132.0"
"Matt.S_CG 6367.JPG","132.0"
"Matt.S_CG 6370.JPG","133.0"
"Matt.S_CG 6372.JPG","133.0"
"Matt.S_CG 6374.JPG","133.0"
"Matt.S_CG 6377.JPG","133.0"
"Matt.S_CG 6423.JPG","134.0"
"Matt.S_CG 6425.JPG","134.0"
"Matt.S_CG 6428.JPG","134.0"
"Matt.S_CG 6429.JPG","134.0"
"Matt.S_CG 6438.JPG","135.0"
"Matt.S_CG 6441.JPG","135.0"
"Matt.S_CG 6442.JPG","135.0"
"Matt.S_CG 6443.JPG","135.0"
"Matt.S_CG 6450.JPG","136.0"
"Matt.S_CG 6451.JPG","136.0"
"Matt.S_CG 6455.JPG","136.0"
"Matt.S_CG 6456.JPG","136.0"
"Matt.S_CG 6481.JPG","137.0"
"Matt.S_CG 6482.JPG","137.0"
"Matt.S_CG 6487.JPG","137.0"
"Matt.S_CG 6490.JPG","137.0"
"Matt.S_CG 6493.JPG","138.0"
"Matt.S_CG 6494.JPG","138.0"
"Matt.S_CG 6500.JPG","138.0"
"Matt.S_CG 6504.JPG","138.0"
"Matt.S_CG 6506.JPG","139.0"
"Matt.S_CG 6507.JPG","139.0"
"Matt.S_CG 6508.JPG","139.0"
"Matt.S_CG 6511.JPG","139.0"
"Matt.S_CG 6516.JPG","140.0"
"Matt.S_CG 6517.JPG","140.0"
"Matt.S_CG 6518.JPG","140.0"
"Matt.S_CG 6523.JPG","140.0"
"Matt.S_CG 6530.JPG","141.0"
"Matt.S_CG 6531.JPG","141.0"
"Matt.S_CG 6536.JPG","141.0"
"Matt.S_CG 6538.JPG","141.0"
"Matt.S_CG 6541.JPG","142.0"
"Matt.S_CG 6542.JPG","142.0"
"Matt.S_CG 6543.JPG","142.0"
"Matt.S_CG 6549.JPG","142.0"
"Matt.S_CG 6550.JPG","143.0"
"Matt.S_CG 6554.JPG","143.0"
"Matt.S_CG 6555.JPG","143.0"
"Matt.S_CG 6557.JPG","143.0"
"Matt.S_CG 6570.JPG","144.0"
"Matt.S_CG 6572.JPG","144.0"
"Matt.S_CG 6575.JPG","144.0"
"Matt.S_CG 6576.JPG","144.0"
"Matt.S_CG 6582.JPG","145.0"
"Matt.S_CG 6586.JPG","145.0"
"Matt.S_CG 6589.JPG","145.0"
"Matt.S_CG 6590.JPG","145.0"
"Matt.S_CG 6592.JPG","146.0"
"Matt.S_CG 6593.JPG","146.0"
"Matt.S_CG 6595.JPG","146.0"
"Matt.S_CG 6596.JPG","146.0"
"Matt.S_CG 6603.JPG","147.0"
"Matt.S_CG 6605.JPG","147.0"
"Matt.S_CG 6607.JPG","147.0"
"Matt.S_CG 6608.JPG","147.0"
"Matt.S_CG 6613.JPG","148.0"
"Matt.S_CG 6615.JPG","148.0"
"Matt.S_CG 6618.JPG","148.0"
"Matt.S_CG 6622.JPG","148.0"
"Matt.S_CG 6633.JPG","149.0"
"Matt.S_CG 6635.JPG","149.0"
"Matt.S_CG 6637.JPG","149.0"
"Matt.S_CG 6638.JPG","149.0"
"Matt.S_CG 6644.JPG","150.0"
"Matt.S_CG 6645.JPG","150.0"
"Matt.S_CG 6648.JPG","150.0"
"Matt.S_CG 6650.JPG","150.0"
"Matt.S_CG 6653.JPG","151.0"
"Matt.S_CG 6654.JPG","151.0"
"Matt.S_CG 6655.JPG","151.0"
"Matt.S_CG 6660.JPG","151.0"
"Matt.S_CG 6674.JPG","152.0"
"Matt.S_CG 6675.JPG","152.0"
"Matt.S_CG 6680.JPG","152.0"
"Matt.S_CG 6684.JPG","152.0"
"Matt.S_CG 6685.JPG","153.0"
"Matt.S_CG 6686.JPG","153.0"
"Matt.S_CG 6687.JPG","153.0"
"Matt.S_CG 6691.JPG","153.0"
"Matt.S_CG 6699.JPG","154.0"
"Matt.S_CG 6700.JPG","154.0"
"Matt.S_CG 6701.JPG","154.0"
"Matt.S_CG 6704.JPG","154.0"
"Matt.S_CG 6713.JPG","155.0"
"Matt.S_CG 6714.JPG","155.0"
"Matt.S_CG 6715.JPG","155.0"
"Matt.S_CG 6718.JPG","155.0"
"Matt.S_CG 6719.JPG","156.0"
"Matt.S_CG 6720.JPG","156.0"
"Matt.S_CG 6721.JPG","156.0"
"Matt.S_CG 6725.JPG","156.0"
"Matt.S_CG 6730.JPG","157.0"
"Matt.S_CG 6731.JPG","157.0"
"Matt.S_CG 6732.JPG","157.0"
"Matt.S_CG 6737.JPG","157.0"
"Matt.S_CG 6740.JPG","158.0"
"Matt.S_CG 6741.JPG","158.0"
"Matt.S_CG 6742.JPG","158.0"
"Matt.S_CG 6743.JPG","158.0"
"Matt.S_CG 6750.JPG","159.0"
"Matt.S_CG 6751.JPG","159.0"
"Matt.S_CG 6753.JPG","159.0"
"Matt.S_CG 6754.JPG","159.0"
"Matt.S_CG 6760.JPG","160.0"
"Matt.S_CG 6761.JPG","160.0"
"Matt.S_CG 6762.JPG","160.0"
"Matt.S_CG 6766.JPG","160.0"
"Matt.S_CG 6770.JPG","161.0"
"Matt.S_CG 6771.JPG","161.0"
"Matt.S_CG 6773.JPG","161.0"
"Matt.S_CG 6775.JPG","161.0"
"Matt.S_CG 6780.JPG","162.0"
"Matt.S_CG 6782.JPG","162.0"
"Matt.S_CG 6785.JPG","162.0"
"Matt.S_CG 6787.JPG","162.0"
"Matt.S_CG 6791.JPG","163.0"
"Matt.S_CG 6793.JPG","163.0"
"Matt.S_CG 6796.JPG","163.0"
"Matt.S_CG 6798.JPG","163.0"
"Matt.S_CG 6802.JPG","164.0"
"Matt.S_CG 6803.JPG","164.0"
"Matt.S_CG 6804.JPG","164.0"
"Matt.S_CG 6811.JPG","164.0"
"Matt.S_CG 6812.JPG","165.0"
"Matt.S_CG 6813.JPG","165.0"
"Matt.S_CG 6816.JPG","165.0"
"Matt.S_CG 6821.JPG","165.0"
"Matt.S_CG 6823.JPG","166.0"
"Matt.S_CG 6825.JPG","166.0"
"Matt.S_CG 6827.JPG","166.0"
"Matt.S_CG 6831.JPG","166.0"
"Matt.S_CG 6834.JPG","167.0"
"Matt.S_CG 6835.JPG","167.0"
"Matt.S_CG 6840.JPG","167.0"
"Matt.S_CG 6842.JPG","167.0"
"Matt.S_CG 6844.JPG","168.0"
"Matt.S_CG 6845.JPG","168.0"
"Matt.S_CG 6848.JPG","168.0"
"Matt.S_CG 6850.JPG","168.0"
"Matt.S_CG 6854.JPG","169.0"
"Matt.S_CG 6855.JPG","169.0"
"Matt.S_CG 6856.JPG","169.0"
"Matt.S_CG 6859.JPG","169.0"
"Matt.S_CG 6869.JPG","170.0"
"Matt.S_CG 6871.JPG","170.0"
"Matt.S_CG 6872.JPG","170.0"
"Matt.S_CG 6876.JPG","170.0"
"Matt.S_CG 6878.JPG","171.0"
"Matt.S_CG 6879.JPG","171.0"
"Matt.S_CG 6880.JPG","171.0"
"Matt.S_CG 6884.JPG","171.0"
"Matt.S_CG 6908.JPG","172.0"
"Matt.S_CG 6910.JPG","172.0"
"Matt.S_CG 6914.JPG","172.0"
"Matt.S_CG 6915.JPG","172.0"
"Matt.S_CG 6918.JPG","173.0"
"Matt.S_CG 6920.JPG","173.0"
"Matt.S_CG 6921.JPG","173.0"
"Matt.S_CG 6923.JPG","173.0"
"Matt.S_CG 7372.JPG","174.0"
"Matt.S_CG 7373.JPG","174.0"
"Matt.S_CG 7374.JPG","174.0"
"Matt.S_CG 7375.JPG","174.0"
"Matt.S_CG 7382.JPG","175.0"
"Matt.S_CG 7383.JPG","175.0"
"Matt.S_CG 7385.JPG","175.0"
"Matt.S_CG 7387.JPG","175.0"
"Matt.S_CG 7393.JPG","176.0"
"Matt.S_CG 7394.JPG","176.0"
"Matt.S_CG 7396.JPG","176.0"
"Matt.S_CG 7397.JPG","176.0"
"Matt.S_CG 7398.JPG","177.0"
"Matt.S_CG 7400.JPG","177.0"
"Matt.S_CG 7401.JPG","177.0"
"Matt.S_CG 7403.JPG","177.0"
"Matt.S_CG 7409.JPG","178.0"
"Matt.S_CG 7410.JPG","178.0"
"Matt.S_CG 7412.JPG","178.0"
"Matt.S_CG 7413.JPG","178.0"
"Matt.S_CG 7414.JPG","179.0"
"Matt.S_CG 7415.JPG","179.0"
"Matt.S_CG 7417.JPG","179.0"
"Matt.S_CG 7418.JPG","179.0"
"Matt.S_CG 7419.JPG","180.0"
"Matt.S_CG 7420.JPG","180.0"
"Matt.S_CG 7421.JPG","180.0"
"Matt.S_CG 7422.JPG","180.0"
"Matt.S_CG 7430.JPG","181.0"
"Matt.S_CG 7432.JPG","181.0"
"Matt.S_CG 7433.JPG","181.0"
"Matt.S_CG 7434.JPG","181.0"
"Matt.S_CG 7435.JPG","182.0"
"Matt.S_CG 7436.JPG","182.0"
"Matt.S_CG 7437.JPG","182.0"
"Matt.S_CG 7438.JPG","182.0"
"Matt.S_CG 7445.JPG","183.0"
"Matt.S_CG 7447.JPG","183.0"
"Matt.S_CG 7448.JPG","183.0"
"Matt.S_CG 7449.JPG","183.0"
"Matt.S_CG 7450.JPG","184.0"
"Matt.S_CG 7451.JPG","184.0"
"Matt.S_CG 7452.JPG","184.0"
"Matt.S_CG 7453.JPG","184.0"
"Matt.S_CG 7455.JPG","185.0"
"Matt.S_CG 7456.JPG","185.0"
"Matt.S_CG 7457.JPG","185.0"
"Matt.S_CG 7459.JPG","185.0"
"Matt.S_CG 7460.JPG","186.0"
"Matt.S_CG 7461.JPG","186.0"
"Matt.S_CG 7462.JPG","186.0"
"Matt.S_CG 7463.JPG","186.0"
"Matt.S_CG 7466.JPG","187.0"
"Matt.S_CG 7467.JPG","187.0"
"Matt.S_CG 7468.JPG","187.0"
"Matt.S_CG 7469.JPG","187.0"
"Matt.S_CG 7471.JPG","188.0"
"Matt.S_CG 7472.JPG","188.0"
"Matt.S_CG 7473.JPG","188.0"
"Matt.S_CG 7474.JPG","188.0"
"Matt.S_CG 7476.JPG","189.0"
"Matt.S_CG 7478.JPG","189.0"
"Matt.S_CG 7479.JPG","189.0"
"Matt.S_CG 7480.JPG","189.0"
"Matt.S_CG 7481.JPG","190.0"
"Matt.S_CG 7482.JPG","190.0"
"Matt.S_CG 7483.JPG","190.0"
"Matt.S_CG 7484.JPG","190.0"
"Matt.S_CG 7486.JPG","191.0"
"Matt.S_CG 7487.JPG","191.0"
"Matt.S_CG 7488.JPG","191.0"
"Matt.S_CG 7489.JPG","191.0"
"Matt.S_CG 7491.JPG","192.0"
"Matt.S_CG 7492.JPG","192.0"
"Matt.S_CG 7493.JPG","192.0"
"Matt.S_CG 7496.JPG","192.0"
"Matt.S_CG 7497.JPG","193.0"
"Matt.S_CG 7498.JPG","193.0"
"Matt.S_CG 7499.JPG","193.0"
"Matt.S_CG 7501.JPG","193.0"
"Matt.S_CG 7502.JPG","194.0"
"Matt.S_CG 7503.JPG","194.0"
"Matt.S_CG 7505.JPG","194.0"
"Matt.S_CG 7506.JPG","194.0"
"Matt.S_CG 7508.JPG","195.0"
"Matt.S_CG 7510.JPG","195.0"
"Matt.S_CG 7511.JPG","195.0"
"Matt.S_CG 7512.JPG","195.0"
"Matt.S_CG 7514.JPG","196.0"
"Matt.S_CG 7515.JPG","196.0"
"Matt.S_CG 7517.JPG","196.0"
"Matt.S_CG 7519.JPG","196.0"
"Matt.S_CG 7520.JPG","197.0"
"Matt.S_CG 7522.JPG","197.0"
"Matt.S_CG 7523.JPG","197.0"
"Matt.S_CG 7524.JPG","197.0"
"Matt.S_CG 7526.JPG","198.0"
"Matt.S_CG 7527.JPG","198.0"
"Matt.S_CG 7529.JPG","198.0"
"Matt.S_CG 7530.JPG","198.0"
"Matt.S_CG 7532.JPG","199.0"
"Matt.S_CG 7533.JPG","199.0"
"Matt.S_CG 7534.JPG","199.0"
"Matt.S_CG 7535.JPG","199.0"
"Matt.S_CG 7537.JPG","200.0"
"Matt.S_CG 7538.JPG","200.0"
"Matt.S_CG 7539.JPG","200.0"
"Matt.S_CG 7540.JPG","200.0"
"Matt.S_CG 7541.JPG","201.0"
"Matt.S_CG 7542.JPG","201.0"
"Matt.S_CG 7544.JPG","201.0"
"Matt.S_CG 7545.JPG","201.0"
"Matt.S_CG 7546.JPG","202.0"
"Matt.S_CG 7547.JPG","202.0"
"Matt.S_CG 7549.JPG","202.0"
"Matt.S_CG 7550.JPG","202.0"
"Matt.S_CG 7557.JPG","203.0"
"Matt.S_CG 7558.JPG","203.0"
"Matt.S_CG 7559.JPG","203.0"
"Matt.S_CG 7560.JPG","203.0"
"Matt.S_CG 7564.JPG","204.0"
"Matt.S_CG 7565.JPG","204.0"
"Matt.S_CG 7566.JPG","204.0"
"Matt.S_CG 7568.JPG","204.0"
"Matt.S_CG 7569.JPG","205.0"
"Matt.S_CG 7570.JPG","205.0"
"Matt.S_CG 7571.JPG","205.0"
"Matt.S_CG 7573.JPG","205.0"
"Matt.S_CG 7574.JPG","206.0"
"Matt.S_CG 7575.JPG","206.0"
"Matt.S_CG 7576.JPG","206.0"
"Matt.S_CG 7578.JPG","206.0"
"Matt.S_CG 7579.JPG","207.0"
"Matt.S_CG 7581.JPG","207.0"
"Matt.S_CG 7582.JPG","207.0"
"Matt.S_CG 7583.JPG","207.0"
"Matt.S_CG 7584.JPG","208.0"
"Matt.S_CG 7585.JPG","208.0"
"Matt.S_CG 7586.JPG","208.0"
"Matt.S_CG 7587.JPG","208.0"
"Matt.S_CG 7589.JPG","209.0"
"Matt.S_CG 7591.JPG","209.0"
"Matt.S_CG 7592.JPG","209.0"
"Matt.S_CG 7593.JPG","209.0"
"Matt.S_CG 7594.JPG","210.0"
"Matt.S_CG 7596.JPG","210.0"
"Matt.S_CG 7598.JPG","210.0"
"Matt.S_CG 7599.JPG","210.0"
"Matt.S_CG 7600.JPG","211.0"
"Matt.S_CG 7603.JPG","211.0"
"Matt.S_CG 7604.JPG","211.0"
"Matt.S_CG 7605.JPG","211.0"
"Matt.S_CG 7606.JPG","212.0"
"Matt.S_CG 7608.JPG","212.0"
"Matt.S_CG 7609.JPG","212.0"
"Matt.S_CG 7610.JPG","212.0"
"Matt.S_CG 7611.JPG","213.0"
"Matt.S_CG 7613.JPG","213.0"
"Matt.S_CG 7614.JPG","213.0"
"Matt.S_CG 7615.JPG","213.0"
"Matt.S_CG 7616.JPG","214.0"
"Matt.S_CG 7618.JPG","214.0"
"Matt.S_CG 7619.JPG","214.0"
"Matt.S_CG 7620.JPG","214.0"
"Matt.S_CG 7622.JPG","215.0"
"Matt.S_CG 7623.JPG","215.0"
"Matt.S_CG 7624.JPG","215.0"
"Matt.S_CG 7625.JPG","215.0"
"Matt.S_CG 7626.JPG","216.0"
"Matt.S_CG 7628.JPG","216.0"
"Matt.S_CG 7629.JPG","216.0"
"Matt.S_CG 7630.JPG","216.0"
"Matt.S_CG 7636.JPG","217.0"
"Matt.S_CG 7637.JPG","217.0"
"Matt.S_CG 7638.JPG","217.0"
"Matt.S_CG 7640.JPG","217.0"
"Matt.S_CG 7647.JPG","218.0"
"Matt.S_CG 7648.JPG","218.0"
"Matt.S_CG 7649.JPG","218.0"
"Matt.S_CG 7650.JPG","218.0"
"Matt.S_CG 7653.JPG","219.0"
"Matt.S_CG 7654.JPG","219.0"
"Matt.S_CG 7655.JPG","219.0"
"Matt.S_CG 7657.JPG","219.0"
"Matt.S_CG 7658.JPG","220.0"
"Matt.S_CG 7660.JPG","220.0"
"Matt.S_CG 7661.JPG","220.0"
"Matt.S_CG 7662.JPG","220.0"
"Matt.S_CG 7664.JPG","221.0"
"Matt.S_CG 7665.JPG","221.0"
"Matt.S_CG 7667.JPG","221.0"
"Matt.S_CG 7668.JPG","221.0"
"Matt.S_CG 7670.JPG","222.0"
"Matt.S_CG 7672.JPG","222.0"
"Matt.S_CG 7673.JPG","222.0"
"Matt.S_CG 7674.JPG","222.0"
"Matt.S_CG 7682.JPG","223.0"
"Matt.S_CG 7683.JPG","223.0"
"Matt.S_CG 7684.JPG","223.0"
"Matt.S_CG 7685.JPG","223.0"
"Matt.S_CG 7686.JPG","224.0"
"Matt.S_CG 7687.JPG","224.0"
"Matt.S_CG 7688.JPG","224.0"
"Matt.S_CG 7689.JPG","224.0"
"Matt.S_CG 7691.JPG","225.0"
"Matt.S_CG 7693.JPG","225.0"
"Matt.S_CG 7694.JPG","225.0"
"Matt.S_CG 7696.JPG","225.0"
"Matt.S_CG 7698.JPG","226.0"
"Matt.S_CG 7699.JPG","226.0"
"Matt.S_CG 7700.JPG","226.0"
"Matt.S_CG 7701.JPG","226.0"
"Matt.S_CG 7707.JPG","227.0"
"Matt.S_CG 7708.JPG","227.0"
"Matt.S_CG 7709.JPG","227.0"
"Matt.S_CG 7710.JPG","227.0"
"Matt.S_CG 7712.JPG","228.0"
"Matt.S_CG 7714.JPG","228.0"
"Matt.S_CG 7715.JPG","228.0"
"Matt.S_CG 7716.JPG","228.0"
"Matt.S_CG 7718.JPG","229.0"
"Matt.S_CG 7719.JPG","229.0"
"Matt.S_CG 7720.JPG","229.0"
"Matt.S_CG 7721.JPG","229.0"
"Matt.S_CG 7723.JPG","230.0"
"Matt.S_CG 7724.JPG","230.0"
"Matt.S_CG 7725.JPG","230.0"
"Matt.S_CG 7728.JPG","230.0"
"Matt.S_CG 7729.JPG","231.0"
"Matt.S_CG 7730.JPG","231.0"
"Matt.S_CG 7731.JPG","231.0"
"Matt.S_CG 7733.JPG","231.0"
"Matt.S_CG 7735.JPG","232.0"
"Matt.S_CG 7736.JPG","232.0"
"Matt.S_CG 7737.JPG","232.0"
"Matt.S_CG 7738.JPG","232.0"
"Matt.S_CG 7739.JPG","233.0"
"Matt.S_CG 7740.JPG","233.0"
"Matt.S_CG 7741.JPG","233.0"
"Matt.S_CG 7742.JPG","233.0"
"Matt.S_CG 7749.JPG","234.0"
"Matt.S_CG 7751.JPG","234.0"
"Matt.S_CG 7752.JPG","234.0"
"Matt.S_CG 7753.JPG","234.0"
"Matt.S_CG 7754.JPG","235.0"
"Matt.S_CG 7755.JPG","235.0"
"Matt.S_CG 7756.JPG","235.0"
"Matt.S_CG 7758.JPG","235.0"
"Matt.S_CG 7764.JPG","236.0"
"Matt.S_CG 7765.JPG","236.0"
"Matt.S_CG 7767.JPG","236.0"
"Matt.S_CG 7768.JPG","236.0"
"Matt.S_CG 7770.JPG","237.0"
"Matt.S_CG 7771.JPG","237.0"
"Matt.S_CG 7772.JPG","237.0"
"Matt.S_CG 7773.JPG","237.0"
"Matt.S_CG 7776.JPG","238.0"
"Matt.S_CG 7777.JPG","238.0"
"Matt.S_CG 7778.JPG","238.0"
"Matt.S_CG 7780.JPG","238.0"
"Matt.S_CG 7781.JPG","239.0"
"Matt.S_CG 7782.JPG","239.0"
"Matt.S_CG 7784.JPG","239.0"
"Matt.S_CG 7785.JPG","239.0"
"Matt.S_CG 7786.JPG","240.0"
"Matt.S_CG 7787.JPG","240.0"
"Matt.S_CG 7788.JPG","240.0"
"Matt.S_CG 7790.JPG","240.0"
"Matt.S_CG 7796.JPG","241.0"
"Matt.S_CG 7798.JPG","241.0"
"Matt.S_CG 7799.JPG","241.0"
"Matt.S_CG 7800.JPG","241.0"
"Matt.S_CG 7801.JPG","242.0"
"Matt.S_CG 7802.JPG","242.0"
"Matt.S_CG 7804.JPG","242.0"
"Matt.S_CG 7805.JPG","242.0"
"Matt.S_CG 7806.JPG","243.0"
"Matt.S_CG 7807.JPG","243.0"
"Matt.S_CG 7810.JPG","243.0"
"Matt.S_CG 7811.JPG","243.0"
"Matt.S_CG 7813.JPG","244.0"
"Matt.S_CG 7814.JPG","244.0"
"Matt.S_CG 7815.JPG","244.0"
"Matt.S_CG 7816.JPG","244.0"
"Matt.S_CG 7818.JPG","245.0"
"Matt.S_CG 7819.JPG","245.0"
"Matt.S_CG 7822.JPG","245.0"
"Matt.S_CG 7823.JPG","245.0"
"Matt.S_CG 7830.JPG","246.0"
"Matt.S_CG 7833.JPG","246.0"
"Matt.S_CG 7834.JPG","246.0"
"Matt.S_CG 7835.JPG","246.0"
"Matt.S_CG 7843.JPG","247.0"
"Matt.S_CG 7844.JPG","247.0"
"Matt.S_CG 7845.JPG","247.0"
"Matt.S_CG 7846.JPG","247.0"
"Matt.S_CG 7848.JPG","248.0"
"Matt.S_CG 7850.JPG","248.0"
"Matt.S_CG 7851.JPG","248.0"
"Matt.S_CG 7852.JPG","248.0"
"Matt.S_CG 7853.JPG","249.0"
"Matt.S_CG 7854.JPG","249.0"
"Matt.S_CG 7855.JPG","249.0"
"Matt.S_CG 7858.JPG","249.0"
"Matt.S_CG 7859.JPG","250.0"
"Matt.S_CG 7860.JPG","250.0"
"Matt.S_CG 7862.JPG","250.0"
"Matt.S_CG 7863.JPG","250.0"
